67196.046875
68573.640625
69930.500000
71586.937500
72953.656250
74352.109375
75748.914062
77106.351562
78508.593750
79888.195312
81244.898438
82613.218750
83955.664062
85509.781250
86930.796875
88303.945312
89676.953125
91078.914062
92457.906250
93813.671875
95170.875000
96569.023438
97976.164062
99581.000000
100906.390625
102268.617188
103636.671875
105012.312500
106407.093750
107826.890625
109176.304688
110558.859375
111919.921875
113504.726562
114892.601562
116249.640625
117610.539062
118951.835938
120334.046875
121704.039062
123064.382812
124448.695312
125801.460938
127387.742188
128711.414062
130028.273438
131398.531250
132727.671875
134076.656250
135453.765625
136758.140625
138075.500000
139251.937500
140931.046875
142243.156250
143582.000000
144893.328125
146229.515625
147547.656250
148818.359375
150112.343750
151498.359375
152820.000000
154360.765625
155694.906250
156977.531250
158286.437500
159589.984375
160915.531250
162234.046875
163572.250000
164904.250000
166207.796875
167770.140625
169094.953125
170398.687500
171739.390625
173070.468750
174433.046875
175750.125000
177067.093750
178401.015625
179732.656250
181293.421875
182593.859375
183885.718750
185163.781250
186465.187500
187782.390625
189094.078125
190376.812500
191661.375000
192999.156250
194510.953125
195800.984375